16 -0.169084 3.09638 0.394553 0.859414 0.0165248 0.00224222 0.511008
11 1.40164 2.43652 0.102174 0.576594 -0.559584 -0.395676 0.444798
14 -0.431871 4.49407 0.173802 0.0130534 0.794825 0.606677 0.00501857
3 -3.18058 4.33427 0.195879 -0.0413327 0.819136 0.570767 -0.0391593
21 -6.03504 4.16659 0.194244 -0.00314156 0.787731 0.615835 0.0147113
1 -8.46799 4.04119 0.148537 -0.0528241 0.812882 0.578696 -0.0392817
12 -11.628 3.87531 0.134467 -0.0365567 0.815221 0.577934 -0.00843744
13 -14.3095 3.73965 0.139125 -0.0249803 0.82975 0.556647 -0.032162
20 -11.0587 5.33132 0.140248 0.82835 0.0161603 0.0181681 0.559683
18 -6.15137 5.64754 0.126037 0.819751 0.0688365 0.0631434 0.565051
22 -2.81338 5.79207 0.137347 0.817 0.0162116 -0.0257071 0.575836
23 9.30929 6.64187 0.222444 0.697364 0.127089 -0.0989529 0.698384
26 9.52752 6.81295 0.147078 0.587659 0.596767 0.397393 0.374972
17 10.9918 5.47784 0.239734 -0.529184 0.597512 0.37426 -0.472094
15 10.7455 5.24593 0.251349 -0.0765478 0.813115 0.574028 0.0589615
28 8.4938 5.09104 0.172986 -0.02992 0.833149 0.551931 -0.0184366
27 5.58178 4.88793 0.14927 -0.0226012 0.833684 0.551466 -0.0185916
