16 -1.26631 1.51341 0.456335 0.763753 0.336296 0.116576 0.538513
11 1.29826 1.20719 0.309165 0.689453 -0.342989 -0.233455 0.593727
14 -2.44943 2.23513 0.126426 -0.3517 0.733329 0.52158 -0.257856
23 3.2005 10.5052 0.131237 0.753093 0.303789 0.168526 0.558715
26 3.2272 10.7698 0.129262 0.317171 0.751084 0.531452 0.229857
15 5.11019 10.6139 0.305419 -0.392071 0.706907 0.56856 -0.152652
17 5.12657 10.9751 0.301346 0.699056 -0.379904 -0.135535 0.590444
28 3.54982 8.89426 0.159537 -0.38486 0.722377 0.495565 -0.290638
27 1.60142 6.72911 0.113254 -0.356316 0.736968 0.505925 -0.271951
3 -4.27032 0.212497 0.15204 -0.294343 0.754206 0.564452 -0.161022
21 -6.23055 -1.88427 0.156879 -0.31772 0.762471 0.526205 -0.20199
1 -7.89692 -3.67436 0.157146 -0.259188 0.771515 0.564585 -0.137223
12 -10.0263 -5.95828 0.153774 -0.390874 0.72247 0.494783 -0.283627
13 -11.7807 -8.01849 0.305121 -0.373204 0.637171 0.656413 -0.154446
20 -10.5131 -4.59996 0.105485 0.737471 0.312455 0.249429 0.544328
18 -7.10968 -1.04812 0.141075 0.763511 0.310656 0.196698 0.5309
22 -5.05722 1.50652 0.185438 0.752443 0.345664 0.21424 0.518119
