11 1.3651723135688 2.4609326872281 0.2664772829861 0.5100739474534 -0.5361079821610 -0.4479439756021 0.5017559110906
14 -0.4708761879160 4.4840869283996 0.1440122281266 -0.0588413206179 0.7784381581320 0.6224752232363 -0.0556446709843
3 -3.1929015755933 4.3086379740004 0.1589308174569 0.0229310585362 0.8150352434459 0.5771236632145 0.0460434127033
21 -6.0582402163961 4.1722259339787 0.1783576265255 0.0268101314379 0.8062548172367 0.5895036894864 0.0414703100634
1 -8.4620621232421 4.0894896010748 0.1806898897456 0.0010992681064 0.7987107203234 0.6015391675056 -0.0145122984666
12 -11.6515754623376 3.8497123358669 0.1513062233016 -0.0250106568508 0.8023685908206 0.5961647242420 -0.0129125163249
13 -14.3595865079530 3.6235060620551 0.1615480514668 -0.0099929319731 0.7964473542036 0.6044802686784 -0.0132422834562
20 -11.1809092166444 5.3962617037897 0.1606546825887 0.7926386422078 0.0163823525109 0.0022056474554 0.6094675844739
18 -6.2511078044032 5.6585944642087 0.1261756240385 0.8007628620417 -0.0041719495140 0.0025042509876 0.5989617369574
22 -2.8823824538298 5.8895826554819 0.1504965146693 0.7928465628933 0.0120445720304 -0.0105444436321 0.6092110231286
23 9.3075692849198 6.5923103649623 0.1952378727999 0.8023168003694 0.0669820191669 -0.0606362014553 0.5900206877952
26 9.4493216126050 6.7955230997672 0.2209375579590 0.5125939879350 0.6126617307136 0.4196379850947 0.4310417250308
17 11.0163173077116 5.4028296926748 0.2214236027350 -0.5399451110893 0.5925113204284 0.3742339695393 -0.4661958260407
15 10.7676851375144 5.1684543147977 0.2214189304216 -0.0671055983851 0.8044693533169 0.5876064123461 0.0551779159533
28 8.4515771283491 5.0170844852151 0.1969012865962 -0.0422924186821 0.8062990074384 0.5899451875534 0.0076116758000
27 5.5510238470877 4.8350298766957 0.1469323183322 -0.0036247480335 0.7941565220139 0.6076971170839 -0.0025482606696
16 -0.1877787893319 3.3530055958032 0.1604354245255 0.7929608687703 0.0485720712298 0.0312247447759 0.6065301557295
