14 -0.4744072100646 4.5282036258823 0.1357863833692 -0.0487357285764 0.8112627604294 0.5805649563360 -0.0492127399684
3 -3.2153545047525 4.3897469466175 0.1521047180171 0.0018823250190 0.7794595711739 0.6261341459579 0.0198812731870
21 -6.0699225689728 4.1919395703074 0.1472507715571 -0.0271180534425 0.8195481749792 0.5723010669467 -0.0087686280252
1 -8.4574067240615 4.0625878585094 0.1344895877998 -0.0154087526592 0.8216223797624 0.5696620496925 -0.0135788274573
12 -11.5822260566188 3.9424913341436 0.1288794482815 -0.0888260179487 0.8138776093937 0.5690091149781 -0.0770830885137
13 -14.2523362410802 3.7775899783417 0.1439670289154 -0.0080098251346 0.8042450261950 0.5935226206353 -0.0292690849881
20 -11.0274395359369 5.3035673833484 0.1724019618319 0.8118347944962 0.0637898185183 0.0824897510514 0.5745002754309
18 -6.1647114184386 5.6586476135607 0.1673480050365 0.8130256864881 0.0839868937679 0.0848015887429 0.5698632514318
22 -2.8503050656519 5.7938314527671 0.1537440948086 0.8144005117758 0.0146445270886 -0.0314846717993 0.5792633767876
23 9.3255627822208 6.6373574371169 0.2242670835778 0.7205280558940 0.1222601732986 -0.1045673863054 0.6745053242310
26 9.4933247248576 6.8231332006697 0.2067519667864 0.4873676820783 0.6149811864397 0.3907547159597 0.4812292953947
17 11.0070427876866 5.4669347928971 0.1833488692579 -0.5263752059258 0.5977570119734 0.3701508840813 -0.4781255276986
15 10.7613833249288 5.2171316258872 0.1791060679180 -0.0936426560762 0.8091287000012 0.5764658784859 0.0650299218726
28 8.4420406651022 5.0927605293058 0.1847823701137 0.0098284600652 0.8288849503976 0.5582260523854 0.0351683780593
27 5.5964682586681 4.9088314537400 0.1669403211585 -0.0123513449187 0.8192958824417 0.5732060092786 0.006047496977916
